# 250326_141555
# Frecuencia  |  Magnitud  |  Fase

Espectro referencia:
1.36116152e+05 1.34872581e+04 4.71956675e+00

Espectro muestra:
1.36116152e+05 3.29292799e+00 4.59783721e+00
4.08348457e+05 1.04929253e+00 7.40476947e+00
6.80580762e+05 4.58814974e-01 1.02847092e+01
9.52813067e+05 2.28544922e-01 1.31782815e+01
1.22504537e+06 1.23110726e-01 1.03724770e+01
1.49727768e+06 1.67190011e-01 1.30023097e+01
1.76950998e+06 5.78503782e-02 1.60736489e+01
2.04174229e+06 4.34945195e-02 1.90898063e+01
2.31397459e+06 1.93049977e-02 2.21796896e+01
2.58620690e+06 1.37165649e-02 2.45250732e+01
