# 250326_141554
# Frecuencia  |  Magnitud  |  Fase

Espectro referencia:
1.36116152e+05 1.33830174e+04 4.71846910e+00

Espectro muestra:
1.36116152e+05 2.41254582e+00 4.62072993e+00
4.08348457e+05 5.54180436e-01 7.38165669e+00
6.80580762e+05 1.49340181e-01 1.02635306e+01
9.52813067e+05 9.15399802e-02 1.25119798e+01
1.22504537e+06 1.54357749e-02 1.02012290e+01
1.49727768e+06 7.10956199e-02 1.23128948e+01
1.76950998e+06 1.47436449e-02 1.47352828e+01
2.04174229e+06 1.17966079e-02 1.49759950e+01
2.31397459e+06 6.67910416e-03 1.23982785e+01
2.58620690e+06 1.57546686e-02 9.67467147e+00
