# 250326_141556
# Frecuencia  |  Magnitud  |  Fase

Espectro referencia:
1.36147039e+05 1.34535320e+04 4.71556069e+00

Espectro muestra:
1.36147039e+05 3.24958806e+00 4.59804522e+00
4.08441116e+05 1.10353081e+00 7.41521013e+00
6.80735194e+05 5.02349700e-01 1.02953883e+01
9.53029272e+05 2.51173711e-01 1.32197581e+01
1.22532335e+06 1.58394767e-01 1.03385626e+01
1.49761743e+06 1.76409552e-01 1.30557927e+01
1.76991150e+06 8.14813446e-02 1.60864427e+01
2.04220558e+06 5.32802413e-02 1.90518812e+01
2.31449966e+06 4.03316262e-02 1.61558410e+01
2.58679374e+06 1.71515174e-02 1.85113934e+01
