# 250326_132436
# Frecuencia  |  Magnitud  |  Fase

Espectro referencia:
1.36116152e+05 1.33830174e+04 -1.56471621e+00

Espectro muestra:
1.36116152e+05 2.41254582e+00 -1.66245538e+00
4.08348457e+05 5.54180436e-01 1.09847139e+00
6.80580762e+05 1.49340181e-01 -2.30284002e+00
9.52813067e+05 9.15399802e-02 -5.43907667e-02
1.22504537e+06 1.54357749e-02 -2.36514159e+00
1.49727768e+06 7.10956199e-02 -2.53475766e-01
1.76950998e+06 1.47436449e-02 2.16891219e+00
2.04174229e+06 1.17966079e-02 2.40962440e+00
2.31397459e+06 6.67910416e-03 -1.68092130e-01
2.58620690e+06 1.57546686e-02 -2.89169915e+00
