# 250326_132441
# Frecuencia  |  Magnitud  |  Fase

Espectro referencia:
1.36147039e+05 1.34535320e+04 -1.56762462e+00

Espectro muestra:
1.36147039e+05 3.24958806e+00 -1.68514009e+00
4.08441116e+05 1.10353081e+00 1.13202483e+00
6.80735194e+05 5.02349700e-01 -2.27098230e+00
9.53029272e+05 2.51173711e-01 6.53387523e-01
1.22532335e+06 1.58394767e-01 -2.22780803e+00
1.49761743e+06 1.76409552e-01 4.89422078e-01
1.76991150e+06 8.14813446e-02 -2.76311322e+00
2.04220558e+06 5.32802413e-02 2.02325237e-01
2.31449966e+06 4.03316262e-02 -2.69371492e+00
2.58679374e+06 1.71515174e-02 -3.38162481e-01
